           1   0.0000000000000000     
           2   4.8297626484866685E-003
           3   9.8278754965860360E-003
           4   1.4999316537298246E-002
           5   2.0349143770912792E-002
           6   2.5882491057733104E-002
           7   3.1604563439608713E-002
           8   3.7520631901064250E-002
           9   4.3636027540790878E-002
          10   4.9956135124419099E-002
          11   5.6486385989885424E-002
          12   6.3232250277331481E-002
          13   7.0199228456375717E-002
          14   7.7392842124803352E-002
          15   8.4818624054245340E-002
          16   9.2482107460293728E-002
          17  0.10038881447676895     
          18  0.10854424381651473     
          19  0.11695385760419696     
          20  0.12562306737014040     
          21  0.13455721919826635     
          22  0.14376157802572154     
          23  0.15324131109683303     
          24  0.16300147057958381     
          25  0.17304697535889024     
          26  0.18338259202759433     
          27  0.19401291510320995     
          28  0.20494234650612997     
          29  0.21617507434312100     
          30  0.22771505104853274     
          31  0.23956597094465015     
          32  0.25173124729197072     
          33  0.26421398890985381     
          34  0.27701697645786549     
          35  0.29014263847814448     
          36  0.30359302730916504     
          37  0.31736979499122919     
          38  0.33147416929377682     
          39  0.34590693000402306     
          40  0.36066838562536407     
          41  0.37575835064229290     
          42  0.39117612351605036     
          43  0.40692046558178752     
          44  0.42298958102338968     
          45  0.43938109810622450     
          46  0.45609205185068380     
          47  0.47311886833040095     
          48  0.49045735077822827     
          49  0.50810266768037060     
          50  0.52604934303435225     
          51  0.54429124893962777     
          52  0.56282160068061771     
          53  0.58163295445064633     
          54  0.60071720785174909     
          55  0.62006560328954663     
          56  0.63966873436449778     
          57  0.65951655534087661     
          58  0.67959839375296804     
          59  0.69990296618439718     
          60  0.72041839723142553     
          61  0.74113224163475022     
          62  0.76203150953708443     
          63  0.78310269479595151     
          64  0.80433180625300671     
          65  0.82570440183321381     
          66  0.84720562531970989     
          67  0.86882024562360805     
          68  0.89053269834268989     
          69  0.91232712937931659     
          70  0.93418744036631396     
          71  0.95609733563038390     
          72  0.97804037040610170     
          73   1.0000000000000000     
          74   1.0219596295938982     
          75   1.0439026643696161     
          76   1.0658125596336860     
          77   1.0876728706206835     
          78   1.1094673016573102     
          79   1.1311797543763920     
          80   1.1527943746802900     
          81   1.1742955981667862     
          82   1.1956681937469933     
          83   1.2168973052040486     
          84   1.2379684904629156     
          85   1.2588677583652497     
          86   1.2795816027685745     
          87   1.3000970338156028     
          88   1.3204016062470321     
          89   1.3404834446591234     
          90   1.3603312656355022     
          91   1.3799343967104534     
          92   1.3992827921482509     
          93   1.4183670455493536     
          94   1.4371783993193823     
          95   1.4557087510603721     
          96   1.4739506569656478     
          97   1.4918973323196294     
          98   1.5095426492217716     
          99   1.5268811316695992     
         100   1.5439079481493163     
         101   1.5606189018937755     
         102   1.5770104189766103     
         103   1.5930795344182125     
         104   1.6088238764839495     
         105   1.6242416493577072     
         106   1.6393316143746359     
         107   1.6540930699959771     
         108   1.6685258307062232     
         109   1.6826302050087709     
         110   1.6964069726908351     
         111   1.7098573615218555     
         112   1.7229830235421346     
         113   1.7357860110901462     
         114   1.7482687527080292     
         115   1.7604340290553497     
         116   1.7722849489514672     
         117   1.7838249256568790     
         118   1.7950576534938700     
         119   1.8059870848967901     
         120   1.8166174079724056     
         121   1.8269530246411096     
         122   1.8369985294204163     
         123   1.8467586889031669     
         124   1.8562384219742785     
         125   1.8654427808017338     
         126   1.8743769326298596     
         127   1.8830461423958029     
         128   1.8914557561834853     
         129   1.8996111855232312     
         130   1.9075178925397063     
         131   1.9151813759457545     
         132   1.9226071578751966     
         133   1.9298007715436243     
         134   1.9367677497226685     
         135   1.9435136140101146     
         136   1.9500438648755809     
         137   1.9563639724592092     
         138   1.9624793680989359     
         139   1.9683954365603913     
         140   1.9741175089422669     
         141   1.9796508562290871     
         142   1.9850006834627019     
         143   1.9901721245034141     
         144   1.9951702373515134     
         145   2.0000000000000000     
