           1   0.0000000000000000     
           2   1.3386209043819708E-004
           3   5.3541252363431546E-004
           4   1.2045437948275950E-003
           5   2.1410767613965209E-003
           6   3.3447606908196814E-003
           7   4.8152733278031823E-003
           8   6.5522209805556342E-003
           9   8.5551386261896178E-003
          10   1.0823490035218986E-002
          11   1.3356667915121023E-002
          12   1.6153994072922617E-002
          13   1.9214719596769569E-002
          14   2.2538025056428102E-002
          15   2.6123020722666368E-002
          16   2.9968746805456026E-002
          17   3.4074173710931688E-002
          18   3.8438202317038095E-002
          19   4.3059664267791065E-002
          20   4.7937322286075723E-002
          21   5.3069870504894423E-002
          22   5.8455934816979194E-002
          23   6.4094073242674354E-002
          24   6.9982776315987927E-002
          25   7.6120467488713262E-002
          26   8.2505503552508741E-002
          27   8.9136175078824209E-002
          28   9.6010706876556662E-002
          29  0.10312725846731174     
          30  0.11048392457814393     
          31  0.11807873565164506     
          32  0.12590965837324131     
          33  0.13397459621556129     
          34  0.14227138999972788     
          35  0.15079781847342111     
          36  0.15955159890556192     
          37  0.16853038769745476     
          38  0.17773178101022502     
          39  0.18715331540838476     
          40  0.19679246851935517     
          41  0.20664665970876495     
          42  0.21671325077134962     
          43  0.22698954663726301     
          44  0.23747279609361194     
          45  0.24816019252102250     
          46  0.25904887464504089     
          47  0.27013592730216451     
          48  0.28141838222030191     
          49  0.29289321881345254     
          50  0.30455736499038832     
          51  0.31640769797712875     
          52  0.32844104515298167     
          53  0.34065418489993105     
          54  0.35304384746514272     
          55  0.36560671583635451     
          56  0.37833942662992259     
          57  0.39123857099127946     
          58  0.40430069550756664     
          59  0.41752230313219785     
          60  0.43089985412110177     
          61  0.44442976698039782     
          62  0.45810841942524827     
          63  0.47193214934963212     
          64  0.48589725580677834     
          65  0.50000000000000000     
          66  0.51423660628365997     
          67  0.52860326317400230     
          68  0.54309612436957933     
          69  0.55771130978099881     
          70  0.57244490656971792     
          71  0.58729297019560522     
          72  0.60225152547298899     
          73  0.61731656763491016     
          74  0.63248406340529639     
          75  0.64774995207876662     
          76  0.66311014660778000     
          77  0.67856053469683841     
          78  0.69409697990344665     
          79  0.70971532274553772     
          80  0.72541138181506759     
          81  0.74118095489747926     
          82  0.75701982009673618     
          83  0.77292373696562677     
          84  0.78888844764103494     
          85  0.80490967798387181     
          86  0.82098313872336726     
          87  0.83710452660541135     
          88  0.85326952554463831     
          89  0.86947380777994843     
          90  0.88571303503315368     
          91  0.90198285967043934     
          92  0.91827892586633175     
          93  0.93459687076985698     
          94  0.95093232567258201     
          95  0.96728091717822384     
          96  0.98363826837351331     
          97   1.0000000000000000     
          98   1.0163617316264868     
          99   1.0327190828217763     
         100   1.0490676743274179     
         101   1.0654031292301429     
         102   1.0817210741336682     
         103   1.0980171403295607     
         104   1.1142869649668463     
         105   1.1305261922200516     
         106   1.1467304744553617     
         107   1.1628954733945887     
         108   1.1790168612766327     
         109   1.1950903220161282     
         110   1.2111115523589651     
         111   1.2270762630343732     
         112   1.2429801799032638     
         113   1.2588190451025207     
         114   1.2745886181849324     
         115   1.2902846772544623     
         116   1.3059030200965533     
         117   1.3214394653031616     
         118   1.3368898533922200     
         119   1.3522500479212334     
         120   1.3675159365947036     
         121   1.3826834323650898     
         122   1.3977484745270110     
         123   1.4127070298043947     
         124   1.4275550934302821     
         125   1.4422886902190011     
         126   1.4569038756304207     
         127   1.4713967368259977     
         128   1.4857633937163399     
         129   1.5000000000000000     
         130   1.5141027441932216     
         131   1.5280678506503680     
         132   1.5418915805747517     
         133   1.5555702330196022     
         134   1.5691001458788982     
         135   1.5824776968678020     
         136   1.5956993044924332     
         137   1.6087614290087204     
         138   1.6216605733700775     
         139   1.6343932841636455     
         140   1.6469561525348573     
         141   1.6593458151000688     
         142   1.6715589548470184     
         143   1.6835923020228711     
         144   1.6954426350096117     
         145   1.7071067811865475     
         146   1.7185816177796980     
         147   1.7298640726978354     
         148   1.7409511253549592     
         149   1.7518398074789774     
         150   1.7625272039063882     
         151   1.7730104533627369     
         152   1.7832867492286504     
         153   1.7933533402912349     
         154   1.8032075314806448     
         155   1.8128466845916154     
         156   1.8222682189897750     
         157   1.8314696123025453     
         158   1.8404484010944380     
         159   1.8492021815265789     
         160   1.8577286100002721     
         161   1.8660254037844388     
         162   1.8740903416267587     
         163   1.8819212643483549     
         164   1.8895160754218561     
         165   1.8968727415326883     
         166   1.9039892931234434     
         167   1.9108638249211758     
         168   1.9174944964474911     
         169   1.9238795325112867     
         170   1.9300172236840121     
         171   1.9359059267573255     
         172   1.9415440651830207     
         173   1.9469301294951056     
         174   1.9520626777139243     
         175   1.9569403357322090     
         176   1.9615617976829620     
         177   1.9659258262890682     
         178   1.9700312531945441     
         179   1.9738769792773336     
         180   1.9774619749435720     
         181   1.9807852804032304     
         182   1.9838460059270773     
         183   1.9866433320848791     
         184   1.9891765099647811     
         185   1.9914448613738105     
         186   1.9934477790194443     
         187   1.9951847266721967     
         188   1.9966552393091803     
         189   1.9978589232386035     
         190   1.9987954562051724     
         191   1.9994645874763657     
         192   1.9998661379095619     
         193   2.0000000000000000     
